15 0.867188 0.257812 0.097656 0.050781
15 0.692383 0.338867 0.087891 0.060547
15 0.375977 0.396484 0.095703 0.050781
15 0.520508 0.460938 0.111328 0.054688
15 0.338867 0.442383 0.091797 0.037109
15 0.446289 0.531250 0.099609 0.054688
15 0.410156 0.492188 0.093750 0.027344
15 0.215820 0.638672 0.142578 0.062500
15 0.064453 0.662109 0.097656 0.046875
15 0.483398 0.698242 0.111328 0.064453
15 0.371094 0.720703 0.042969 0.042969
15 0.355469 0.780273 0.070312 0.037109
15 0.209961 0.771484 0.076172 0.011719
15 0.066406 0.761719 0.066406 0.054688
15 0.032227 0.833984 0.048828 0.050781
15 0.585938 0.791992 0.089844 0.037109
15 0.511719 0.842773 0.042969 0.048828
15 0.619141 0.890625 0.058594 0.078125
15 0.761719 0.888672 0.066406 0.093750
15 0.241211 0.883789 0.142578 0.099609
15 0.129883 0.057617 0.103516 0.060547
