15 0.087891 0.710938 0.121094 0.144531
15 0.248047 0.589844 0.179688 0.195312
15 0.065430 0.385742 0.119141 0.087891
15 0.191406 0.414062 0.105469 0.136719
15 0.047852 0.213867 0.091797 0.060547
15 0.255859 0.220703 0.167969 0.140625
15 0.482422 0.148438 0.082031 0.074219
15 0.606445 0.158203 0.119141 0.156250
15 0.843750 0.086914 0.074219 0.080078
15 0.918945 0.077148 0.076172 0.103516
15 0.799805 0.273438 0.126953 0.101562
15 0.338867 0.402344 0.123047 0.070312
15 0.497070 0.249023 0.095703 0.076172
15 0.428711 0.356445 0.080078 0.080078
